190
335
506
246
506
675
775
438
309
559
121
699
91
194
762
667
20
824
143
534
461
196
452
717
312
574
846
350
520
966
827
141
802
138
358
278
748
183
781
940
75
191
902
844
242
778
302
853
78
512
155
91
491
540
921
926
949
456
528
577
817
374
792
972
291
952
624
903
206
501
727
193
5
687
647
111
21
936
43
284
77
459
23
113
930
647
861
13
642
869
708
91
748
814
51
886
217
633
902
382
956
43
921
206
66
354
333
797
568
594
890
243
656
40
553
597
43
12
568
924
911
449
817
13
636
98
46
896
608
164
646
40
950
805
200
150
263
364
921
613
302
453
222
120
919
973
184
355
179
815
721
439
473
798
769
194
741
970
669
728
338
963
871
930
949
924
425
5
818
226
300
419
406
285
963
970
362
946
99
340
25
665
407
470
780
662
443
964
511
542
443
715
656
667
263
494
41
325
273
489
675
432
96
429
260
809
174
189
481
47
746
382
280
402
904
418
868
208
566
324
157
422
502
851
741
760
556
973
403
173
975
954
46
17
450
358
104
481
421
808
788
90
923
479
917
323
549
611
41
638
717
155
230
584
794
909
622
505
462
515
795
615
306
971
690
421
451
162
794
579
426
384
238
181
960
717
911
17
29
104
513
739
317
431
457
225
158
426
376
21
630
868
208
406
985
91
293
140
976
525
879
335
814
770
85
353
875
997
813
897
247
877
605
586
394
75
601
180
579
494
745
643
717
713
946
743
117
960
69
23
855
88
330
522
734
630
572
702
942
916
266
450
648
965
582
529
753
369
235
180
489
249
556
244
345
289
252
391
795
322
529
624
529
47
798
607
199
107
346
922
497
125
922
933
17
620
919
816
411
388
192
698
663
63
922
413
258
228
581
418
299
199
725
792
119
421
816
162
951
474
167
151
734
729
155
575
4
123
846
193
81
497
42
703
690
359
319
213
601
115
965
97
808
462
818
595
83
922
388
529
718
288
352
364
209
550
886
172
738
569
170
626
146
65
106
839
771
466
812
524
873
822
790
114
375
196
270
215
562
680
304
830
740
966
763
91
127
137
927
491
688
961
184
773
471
924
559
451
650
344
646
823
848
663
462
361
515
418
991
544
699
661
972
799
598
58
909
235
61
785
737
577
564
96
10
278
509
335
350
271
920
156
915
14
367
386
854
352
437
70
962
834
467
70
363
60
523
993
11
506
227
616
980
650
37
335
956
910
583
709
442
918
796
69
35
848
252
486
220
126
32
759
804
242
284
68
912
373
82
223
51
591
417
198
811
209
644
77
577
955
679
206
884
446
780
749
119
153
610
479
214
177
845
29
805
136
337
43
718
833
55
790
909
136
225
690
879
369
87
467
176
7
582
7
94
895
290
373
471
717
544
100
921
371
806
90
428
687
323
460
565
922
108
127
456
343
242
692
237
325
298
267
84
21
838
606
561
926
486
324
234
543
996
923
683
210
363
702
789
851
756
152
426
938
939
769
274
270
337
410
433
8
220
216
199
599
358
500
68
141
651
288
961
25
477
498
12
490
948
814
442
653
824
712
158
399
504
503
983
347
205
515
746
727
408
958
149
289
380
441
347
517
522
727
178
658
370
690
187
927
498
18
833
433
976
669
882
720
180
947
94
318
816
729
462
154
449
605
901
736
248
969
698
506
982
561
0
371
655
238
117
215
268
690
760
208
720
847
320
363
291
549
467
177
167
627
77
492
745
737
422
576
836
813
401
85
599
725
190
915
489
463
769
741
830
91
201
731
667
949
641
846
333
201
434
155
421
302
267
359
89
949
420
677
230
237
639
25
864
165
681
494
564
735
944
209
968
334
464
723
911
651
232
64
154
673
845
293
936
213
491
418
98
501
760
845
812
399
293
587
522
916
715
647
749
598
10
952
371
386
895
77
550
164
322
518
407
49
809
441
740
71
176
764
446
694
815
570
786
674
705
842
878
71
399
530
995
299
762
74
166
142
374
593
509
793
530
967
66
336
788
190
38
46
927
5
539
860
253
867
853
405
401
636
71
233
880
889
917
151
760
425
40
769
108
713
804
442
332
113
201
893
171
537
679
946
316
473
396
813
901
59
15
792
389
631
764
129
658
815
577
947
900
865
497
371
904
183
248
171
985
154
686
196
715
949
35
278
225
147
868
465
335
163
221
740
388
499
17
482
725
769
921
619
851
664
853
461
301
633
783
110
685
426
268
172
746
191
569
51
653
366
27
880
868
359
856
385
848
57
886
48
746
737
8
824
803
375
595
576
244
477
298
343
787
409
182
468
20
53
41
290
187
287
212
965
320
880
241
710
986
18
945
645
149
66
971
728
838
38
826
645
857
341
156
897
65
801
193
753
592
938
816
310
294
752
84
912
397
49
68
966
657
527
197
405
119
223
688
283
455
907
444
665
256
593
340
572
239
324
251
290
915
563
957
412
909
277
127
101
170
335
323
306
180
866
786
496
303
994
574
886
231
486
10
279
491
884
970
58
431
947
209
178
456
481
537
9
191
457
68
665
637
230
441
855
919
234
74
343
132
531
661
344
948
650
243
729
800
478
356
676
685
487
832
361
801
887
624
234
227
6
348
356
122
622
356
537
116
386
760
51
735
897
894
298
928
749
190
993
105
461
698
619
521
338
736
339
521
405
189
611
139
145
546
174
513
840
696
853
899
847
238
391
851
879
884
697
279
280
22
653
289
129
630
56
687
258
507
613
105
873
55
444
388
389
710
866
757
685
632
768
115
632
460
607
270
945
426
181
185
707
398
466
612
823
618
649
206
413
676
694
434
321
223
33
6
491
517
311
75
525
761
153
751
394
355
982
741
941
519
604
0
12
716
628
73
888
410
723
956
301
526
308
962
650
472
392
21
915
916
567
792
634
657
642
670
4
895
382
185
987
158
261
761
473
827
432
595
216
829
921
668
602
763
271
303
767
102
27
947
351
720
499
109
973
273
671
927
73
110
941
540
607
682
180
689
459
647
190
105
386
377
66
795
929
622
132
849
374
610
84
749
460
451
876
966
643
175
719
106
634
897
319
297
523
190
752
568
934
73
992
851
207
525
678
698
541
692
495
425
643
434
736
823
496
761
684
770
199
449
15
17
544
382
335
672
805
444
466
206
634
386
262
432
123
742
341
539
905
276
738
463
667
969
287
285
715
861
283
146
794
561
7
383
31
2
725
940
63
242
242
122
281
675
752
365
915
345
778
832
287
114
325
512
254
269
57
987
512
526
299
357
238
963
106
507
392
234
553
321
325
332
13
889
44
616
265
421
365
130
763
958
437
104
22
811
653
744
788
469
90
757
528
639
327
306
356
97
644
916
284
480
162
867
64
668
961
449
902
548
272
482
616
5
229
902
655
123
204
150
566
612
757
757
149
76
40
618
582
911
825
21
350
530
177
381
615
325
634
602
71
757
617
276
501
708
746
92
11
530
340
700
671
175
132
455
860
687
539
754
678
989
873
772
807
977
428
801
891
637
480
344
617
213
508
113
483
539
337
958
231
161
381
167
45
82
127
677
283
356
816
494
151
659
442
467
542
970
43
644
779
854
320
869
438
266
823
960
675
165
365
682
930
224
509
653
786
362
400
737
579
179
168
600
924
683
53
142
700
847
386
538
834
470
389
447
390
344
22
629
427
973
458
938
474
467
749
228
371
977
483
479
111
204
130
952
100
544
182
286
36
886
422
612
682
704
353
590
46
761
44
10
799
957
156
807
730
648
898
389
170
640
569
799
693
264
761
474
670
707
164
426
228
787
509
722
418
615
940
277
864
108
950
512
214
558
277
237
796
208
406
81
812
219
584
228
364
125
702
1
597
873
329
992
56
524
156
995
264
950
807
406
966
437
194
318
263
873
841
228
915
218
448
140
370
500
553
513
222
495
858
337
164
398
24
13
83
618
336
960
354
202
468
258
841
736
422
123
789
716
162
264
376
841
376
124
554
991
339
595
306
591
865
607
959
154
490
550
680
914
761
895
939
298
164
216
419
269
187
259
931
325
76
657
68
11
262
369
952
446
936
327
583
924
33
652
151
114
372
965
7
956
221
819
539
522
972
808
101
748
521
354
406
27
546
795
503
353
134
712
139
638
115
111
616
498
152
832
409
768
709
223
225
930
26
176
560
52
477
946
990
511
272
269
919
475
877
833
846
749
600
304
126
713
660
381
37
867
772
128
971
650
840
372
580
234
699
28
365
242
216
854
97
788
50
675
556
439
751
50
326
660
31
542
418
341
799
230
668
93
823
338
488
761
270
325
778
206
833
912
640
703
955
665
265
507
753
208
234
436
614
147
347
811
865
345
394
957
762
328
840
57
298
622
474
201
903
260
593
253
861
471
724
942
444
172
648
623
584
392
804
225
526
19
860
544
514
601
321
856
79
695
612
31
237
683
830
877
231
693
673
665
99
659
899
915
430
796
948
627
536
451
348
274
90
428
912
18
968
239
294
865
517
783
42
946
556
740
782
589
59
520
325
328
585
709
944
226
164
265
894
6
55
882
488
385
897
205
273
921
68
963
123
342
188
720
969
326
33
529
698
298
845
831
192
478
948
869
493
828
719
96
999
247
444
844
431
575
207
973
563
350
786
346
358
176
376
522
741
690
498
104
293
905
653
518
925
803
521
452
386
711
531
96
451
380
727
509
398
517
609
37
383
896
611
47
626
161
50
400
864
851
974
83
178
695
155
407
890
950
567
261
467
548
491
367
209
681
779
714
518
981
418
847
40
345
937
605
470
536
966
823
86
513
637
408
309
20
802
383
527
210
841
153
921
121
501
589
525
941
612
858
704
763
187
458
31
97
577
462
26
529
869
204
604
19
36
23
589
78
666
974
218
839
243
46
546
826
862
93
599
302
332
189
446
880
743
746
825
728
59
588
804
110
685
267
57
917
53
832
599
13
964
0
426
857
147
424
725
718
408
692
23
475
103
139
359
114
939
730
430
242
717
469
963
296
791
102
937
703
939
154
549
309
563
684
224
852
200
919
246
216
83
929
778
373
135
958
6
174
672
977
298
562
491
896
494
301
279
544
384
665
201
885
152
703
796
580
338
554
169
612
959
309
913
93
326
937
266
142
396
129
508
429
186
197
450
242
183
4
925
930
211
813
853
677
925
374
420
971
472
607
220
933
901
399
863
698
855
794
370
47
83
499
393
258
90
356
509
82
134
65
916
839
57
734
61
699
285
205
61
919
175
428
129
673
136
459
345
855
959
609
346
809
764
244
33
881
602
505
877
36
25
92
55
76
723
782
549
951
420
403
904
70
576
591
827
179
755
650
568
748
938
344
508
326
750
524
301
230
750
163
160
656
50
765
500
199
137
338
261
936
135
666
89
599
678
104
201
441
198
499
447
547
19
880
128
157
933
770
593
733
805
373
728
484
82
477
834
235
426
26
817
508
868
130
395
272
589
181
183
629
910
336
987
770
301
910
237
652
302
715
568
899
66
16
277
349
3
629
838
711
88
103
18
384
878
490
959
319
626
595
109
123
863
739
325
29
728
545
829
520
744
889
507
339
117
832
613
438
925
663
764
58
363
642
193
339
597
316
488
610
303
108
830
264
645
264
533
402
196
184
125
170
80
613
131
985
982
426
710
46
999
562
840
273
62
380
357
22
802
657
442
927
952
342
743
985
924
42
980
142
79
219
932
460
190
726
281
242
150
455
704
502
486
413
62
169
43
140
492
392
157
419
643
693
735
112
788
227
486
792
200
773
389
22
741
822
270
733
536
971
12
533
990
507
922
458
229
305
999
695
184
45
471
914
149
706
652
485
444
720
375
537
811
847
327
592
26
779
131
6
40
243
798
865
733
428
950
987
558
502
128
734
18
934
335
291
899
229
149
509
832
236
218
122
303
914
77
457
773
272
610
541
97
483
951
796
583
948
701
973
790
942
88
268
60
713
836
985
118
447
307
188
719
705
866
533
285
782
375
623
220
300
634
501
209
561
741
425
372
57
739
968
353
618
434
268
304
708
428
972
559
33
576
458
165
348
352
511
139
606
867
320
442
950
278
13
695
508
778
229
490
658
513
828
931
713
57
885
189
687
28
564
775
433
793
23
655
801
792
978
487
912
402
319
162
267
400
448
713
701
821
124
101
978
724
644
907
803
977
575
30
746
521
23
198
719
102
342
721
121
465
607
898
306
63
606
345
513
643
133
137
810
909
236
434
358
635
853
517
786
649
775
124
701
544
275
942
458
538
19
375
431
500
895
406
357
870
527
678
80
640
3
927
636
574
239
828
204
174
904
461
97
431
418
323
491
741
103
414
970
96
969
474
337
341
95
531
189
129
922
387
163
793
149
53
591
892
235
236
820
36
938
399
438
797
21
791
830
227
566
656
854
34
654
16
376
560
767
868
892
569
623
145
280
964
463
710
851
457
715
789
468
100
366
75
76
3
991
426
813
882
716
97
302
188
219
816
232
444
504
389
472
640
907
912
796
185
466
604
321
874
651
92
623
834
483
772
968
198
262
486
464
385
3
545
86
585
595
120
716
384
57
254
968
787
855
617
949
187
622
882
75
32
691
803
232
931
321
207
416
882
329
411
968
178
37
623
478
681
532
295
61
667
221
941
862
753
25
941
485
847
354
420
533
547
779
216
643
28
629
524
902
704
240
87
609
141
643
540
472
414
246
990
373
991
879
1
380
760
301
919
340
446
845
35
306
173
472
43
878
323
901
418
300
828
574
93
247
94
359
855
667
189
735
944
257
676
379
844
33
242
328
882
862
148
75
306
303
37
716
560
321
836
643
777
761
484
167
617
500
345
86
145
948
125
9
381
459
15
189
739
659
360
127
229
595
326
330
281
118
285
813
313
839
917
286
23
435
804
303
651
566
33
119
548
670
675
763
49
664
11
248
309
886
809
161
46
808
730
224
42
880
765
648
584
301
478
520
8
905
324
822
720
991
122
987
708
707
426
260
554
861
178
534
87
86
632
422
232
661
18
730
423
974
377
998
533
50
413
391
218
816
532
55
621
907
281
926
740
239
647
525
453
312
728
469
281
413
451
537
746
39
679
813
624
667
211
870
327
92
849
877
531
654
887
896
850
334
814
607
487
60
318
404
174
41
138
150
439
363
690
143
966
748
284
354
546
924
410
306
704
345
617
230
883
573
626
879
986
414
170
727
905
677
334
836
420
947
335
780
744
103
56
83
518
283
243
323
497
20
18
552
289
376
198
878
622
159
218
908
327
651
352
764
378
633
948
924
84
909
145
87
106
852
967
19
327
330
814
485
687
911
106
80
516
833
400
303
548
294
254
78
96
945
979
492
668
246
676
51
286
369
978
721
82
613
988
229
168
305
373
980
234
512
486
484
240
665
826
183
170
516
654
780
453
615
747
431
688
469
45
313
244
751
493
492
535
469
698
387
133
27
770
328
806
649
168
570
115
239
784
356
78
243
623
362
502
656
419
124
809
235
342
938
27
427
480
632
417
933
904
800
374
880
877
602
570
956
89
323
544
739
648
378
598
724
722
197
778
509
440
811
731
141
705
900
642
320
766
866
36
522
483
917
503
800
574
415
852
245
461
279
915
548
820
403
788
248
339
908
994
470
228
364
693
488
537
594
849
730
630
633
78
373
328
626
435
410
878
605
762
718
620
897
701
390
277
357
805
490
353
823
960
796
561
654
907
144
863
704
841
714
903
69
769
661
626
266
985
566
955
373
921
811
781
186
407
190
698
993
340
516
28
194
987
679
886
984
173
710
640
719
446
592
19
783
772
192
163
537
707
883
820
424
911
172
142
154
272
625
196
634
37
420
865
407
845
814
315
427
229
709
60
914
814
91
524
260
994
411
506
64
521
819
100
336
455
530
323
516
442
278
201
560
686
318
324
60
898
861
40
762
540
820
592
142
867
587
761
416
81
173
398
453
541
583
150
400
667
992
419
652
168
437
57
734
961
926
136
544
867
772
822
772
687
104
81
908
738
795
429
584
573
170
698
390
827
149
839
664
506
2
839
63
613
147
954
355
850
544
545
745
161
255
503
966
190
872
346
713
312
229
131
369
798
563
794
939
958
749
629
481
140
439
110
582
422
154
122
306
730
674
350
11
810
679
153
443
810
546
506
164
346
539
999
799
28
229
191
493
696
682
524
265
47
871
550
27
90
281
357
92
408
489
124
913
488
832
867
386
729
120
329
28
165
361
166
79
68
373
224
718
982
945
483
865
963
916
941
597
129
893
480
901
312
208
334
376
43
904
226
590
806
382
134
176
174
639
725
237
953
497
539
760
727
428
429
296
385
485
206
631
426
174
344
750
340
464
172
681
525
262
31
455
934
329
505
722
576
732
648
94
565
867
517
677
317
250
716
103
674
798
607
980
876
466
871
253
611
45
312
367
69
589
71
27
759
398
761
433
586
277
996
64
235
843
240
357
672
806
749
323
282
867
662
490
897
454
393
249
405
465
318
454
54
986
237
393
847
516
591
313
314
183
237
133
574
996
162
535
195
527
684
456
12
968
187
13
538
86
774
468
583
175
795
803
440
5
144
804
280
102
2
778
237
63
667
645
650
339
13
972
561
377
855
15
918
665
605
523
108
76
11
981
692
6
70
975
82
242
864
772
324
616
927
420
105
955
420
120
752
249
535
524
475
707
722
209
960
769
716
288
162
598
208
9
969
411
608
726
98
42
764
668
818
213
778
105
624
797
11
946
87
472
70
813
138
650
923
917
12
885
770
90
350
637
377
242
579
163
497
44
161
332
909
99
597
231
690
844
840
695
74
525
257
691
690
85
679
144
742
887
347
347
744
451
559
582
987
683
804
201
247
704
911
932
81
698
417
859
620
694
886
864
268
817
303
773
867
938
541
333
988
721
832
467
357
274
687
56
401
154
102
377
634
84
854
546
744
21
746
517
421
651
364
563
173
78
63
236
315
972
501
471
48
741
100
973
611
344
764
483
274
312
411
315
986
473
862
253
430
169
641
166
67
890
887
302
239
526
580
701
972
668
25
614
965
678
653
395
345
358
162
160
478
18
745
623
907
292
82
702
545
385
511
829
202
299
155
99
571
506
378
625
661
535
135
931
319
442
216
840
423
333
204
580
555
116
488
816
198
121
846
724
508
655
191
524
471
164
953
954
102
941
325
380
739
24
808
330
707
905
973
74
110
295
628
742
441
38
825
419
393
780
109
685
509
17
349
891
938
862
486
150
247
642
232
92
298
613
174
414
319
380
856
812
618
155
313
516
493
195
322
381
46
669
898
80
651
502
819
203
280
754
348
351
52
755
622
281
912
690
293
850
516
860
220
758
395
622
770
839
448
937
224
905
607
10
111
182
21
261
101
286
945
470
468
960
475
305
637
472
773
603
212
647
409
159
655
257
900
634
434
628
809
51
357
548
751
956
797
716
363
512
557
771
273
841
420
946
12
652
755
520
18
337
536
801
355
33
175
887
209
146
115
572
252
649
231
387
29
271
775
449
893
692
11
456
703
326
393
480
30
307
284
167
57
173
512
934
531
60
996
476
351
659
425
953
826
252
715
289
248
247
23
430
250
641
249
268
654
888
620
242
68
322
96
832
348
410
548
93
8
323
751
189
926
934
254
714
382
941
347
735
480
155
107
734
0
373
201
511
476
274
60
561
584
249
670
159
340
932
979
527
836
937
721
878
340
719
289
902
733
545
942
774
60
550
160
872
327
685
398
190
47
503
201
411
610
787
19
235
153
277
900
126
718
131
938
665
526
750
447
911
37
533
416
813
950
341
664
57
77
210
75
474
697
614
740
704
900
541
592
696
708
248
649
47
229
909
721
408
797
572
371
505
575
23
249
337
410
432
279
332
185
297
471
136
450
399
0
817
166
821
288
921
89
376
681
576
479
24
578
949
603
908
124
161
749
605
922
857
314
662
637
257
776
80
606
577
762
47
839
402
94
422
529
246
56
614
938
771
686
380
506
591
713
183
69
826
172
181
633
684
259
611
551
696
926
947
309
118
283
170
983
589
28
716
95
504
785
527
999
584
231
950
784
128
183
664
676
673
913
603
382
696
976
221
170
915
51
869
397
44
119
237
69
168
726
911
497
758
236
183
602
839
396
465
626
247
950
933
943
727
19
308
964
786
338
742
930
104
826
747
263
129
50
230
160
698
731
207
662
639
87
628
193
554
447
804
781
675
981
8
991
192
435
617
245
823
370
653
951
295
195
514
763
837
183
308
813
457
223
49
846
214
120
575
386
253
702
777
485
247
486
574
725
741
21
542
991
148
970
177
696
268
240
561
792
617
165
487
378
527
753
174
193
120
309
765
425
910
963
543
378
217
671
955
106
221
813
745
937
223
697
418
164
411
737
637
319
816
680
838
56
872
67
694
534
994
627
966
373
571
434
65
545
695
688
41
771
390
99
424
195
726
488
208
868
78
536
240
682
186
688
467
511
377
15
573
506
656
577
885
102
262
651
230
62
523
581
657
867
375
792
782
80
482
440
473
498
317
460
495
467
237
186
642
646
736
652
163
633
498
788
982
378
615
726
724
328
457
996
601
569
604
311
973
22
312
248
591
829
909
946
774
966
84
824
794
649
972
996
840
645
88
719
236
558
837
924
651
668
256
302
375
840
900
398
805
92
259
95
816
768
886
264
62
789
29
103
869
146
340
447
232
429
976
231
47
133
789
61
726
267
431
45
698
347
252
243
144
648
31
455
366
940
0
397
506
724
688
971
203
724
827
923
803
441
592
199
407
267
510
696
829
628
921
169
69
586
809
367
634
168
321
576
530
502
944
378
520
594
517
159
135
863
955
92
984
687
289
693
989
820
406
807
519
655
561
343
939
918
809
944
521
70
244
739
692
417
85
383
322
336
608
431
34
40
265
349
949
389
552
386
138
417
980
645
847
214
359
508
401
562
30
768
123
573
607
330
96
79
865
847
232
150
206
571
921
874
460
231
167
985
894
817
415
761
305
644
471
336
539
487
448
46
984
205
789
552
433
375
614
95
341
995
522
662
978
761
64
816
603
673
997
879
588
162
529
916
388
282
734
257
839
137
30
784
171
671
837
645
486
959
88
302
948
480
702
772
994
203
792
834
878
988
224
418
630
338
253
492
196
770
972
332
583
695
502
294
748
691
131
812
541
806
551
494
183
499
31
148
995
623
543
690
266
931
725
834
746
209
140
668
576
192
770
942
909
549
853
310
581
872
652
645
574
456
687
935
456
446
983
549
182
606
107
103
519
351
192
953
161
798
443
772
580
957
953
372
58
59
974
731
617
63
643
917
948
241
784
716
922
626
562
590
809
226
122
835
233
557
275
412
38
861
446
198
735
768
384
5
548
531
208
765
234
464
862
684
646
721
228
821
361
999
765
975
8
57
522
466
708
548
874
713
248
214
192
416
198
63
943
800
61
485
539
734
358
621
160
230
740
54
884
663
356
985
721
232
214
578
262
704
203
940
428
43
631
739
222
468
742
231
963
385
270
983
226
218
384
501
318
800
873
865
454
554
577
189
513
695
101
977
179
312
157
141
686
251
592
198
566
351
687
796
662
175
297
677
75
351
25
226
621
15
301
518
515
363
747
956
136
941
625
407
235
347
321
442
43
768
931
452
69
859
862
308
266
278
989
738
965
450
586
409
398
523
709
948
654
3
934
773
6
82
926
123
263
476
758
112
194
574
647
100
435
728
11
129
155
994
853
856
220
675
991
787
94
519
506
299
872
863
316
271
749
411
289
650
939
227
356
353
363
204
378
712
416
105
700
576
543
643
687
978
819
847
63
888
608
6
27
7
537
286
979
532
757
930
597
805
909
149
377
930
378
855
624
308
303
551
679
660
272
16
767
93
536
955
830
120
960
173
464
109
793
437
301
226
587
720
239
392
880
896
698
820
546
442
536
338
563
405
93
466
590
34
147
765
319
79
928
432
21
66
168
383
256
606
978
612
654
190
670
851
440
838
375
116
924
312
537
377
599
76
185
462
974
339
939
391
946
242
776
783
39
256
713
26
518
943
726
660
130
627
57
942
14
680
838
204
106
943
75
506
739
973
942
92
717
810
122
930
821
428
718
86
173
470
686
303
938
329
39
137
611
167
959
568
108
238
553
255
174
427
611
923
178
515
599
698
258
252
843
684
653
691
302
923
563
134
85
102
269
610
885
107
847
720
767
489
282
454
852
73
882
589
959
727
786
838
891
929
804
435
63
508
635
950
528
935
375
733
260
697
268
186
319
483
207
679
125
871
803
677
772
205
107
101
324
730
757
87
368
168
205
511
897
586
270
196
220
851
344
979
750
336
408
773
868
142
272
469
109
62
876
748
687
613
368
281
347
760
139
130
320
962
789
572
131
599
815
292
723
622
989
330
756
901
660
533
752
668
198
443
398
381
46
904
883
463
974
657
124
83
733
715
279
49
831
840
434
14
195
780
224
820
428
633
294
746
33
906
716
379
441
35
675
290
404
450
146
606
547
30
198
199
126
91
304
916
623
781
170
137
172
603
886
591
446
202
386
727
332
402
457
713
572
459
596
770
768
757
777
947
919
701
780
250
297
289
725
471
994
150
732
77
116
641
157
847
510
21
37
877
840
683
510
488
886
81
686
951
855
169
497
160
412
620
572
915
86
707
285
504
947
662
111
328
261
721
784
473
427
230
314
989
403
103
237
403
989
794
375
799
684
135
136
263
851
684
863
942
75
526
857
562
951
337
302
922
922
308
465
10
975
450
260
575
775
595
507
530
452
843
645
295
131
222
863
280
542
906
646
453
460
681
4
277
686
617
240
192
825
538
400
488
326
38
636
930
573
740
546
68
172
407
117
796
468
693
177
618
357
745
219
579
895
633
82
192
558
79
726
442
522
167
423
53
219
546
777
362
108
141
468
212
902
404
268
560
38
241
724
578
121
226
196
787
606
233
420
546
815
322
254
726
298
530
928
518
142
320
717
512
812
218
60
106
553
203
673
292
96
110
564
625
42
940
876
474
310
84
32
192
9
344
499
694
782
420
583
367
432
935
713
757
449
681
191
771
512
736
179
743
176
184
872
821
915
284
728
514
460
929
436
319
931
749
790
323
729
467
616
447
124
924
96
595
737
514
375
848
830
25
492
929
865
739
890
263
337
221
218
817
397
589
958
83
464
660
619
242
116
747
716
276
169
194
556
702
789
636
388
133
758
147
912
417
421
472
881
180
999
970
730
845
212
567
740
740
596
502
37
43
465
655
756
393
995
728
208
819
486
508
453
41
948
954
541
474
109
315
244
822
551
541
699
73
32
862
290
53
612
344
911
629
207
438
952
241
919
90
440
523
279
861
455
844
649
647
322
810
240
496
183
306
303
734
406
909
724
484
834
505
894
79
157
728
189
525
984
235
639
801
248
34
85
459
253
539
653
832
162
763
515
250
635
169
199
132
614
298
543
627
1
912
387
276
963
889
610
954
306
480
240
760
413
899
761
894
438
976
499
596
877
822
595
155
545
999
569
973
508
633
934
807
217
200
186
800
656
874
975
612
161
328
530
262
37
217
688
909
260
467
26
51
371
781
195
782
142
740
979
667
32
108
457
239
841
41
648
48
35
49
851
235
876
674
897
536
679
313
231
699
714
307
393
348
582
363
202
172
941
666
424
627
493
988
704
943
425
900
707
978
765
631
857
979
634
33
480
502
314
360
830
444
342
823
232
351
233
425
432
468
81
849
582
390
216
528
137
639
437
376
528
321
855
282
479
50
417
898
466
522
240
889
844
335
810
624
238
708
903
577
105
958
925
833
526
444
646
540
581
336
11
756
156
78
484
759
432
300
219
286
244
135
628
780
297
302
753
217
557
178
384
692
718
241
336
104
757
668
777
144
92
570
767
322
98
507
484
472
850
24
151
852
366
932
470
772
803
167
472
143
766
653
522
891
928
631
880
208
756
465
343
684
257
709
351
885
493
119
499
570
290
432
460
34
976
117
43
243
469
587
520
147
743
913
767
461
502
797
337
45
660
206
265
373
442
344
984
459
362
232
907
917
874
720
972
314
965
338
231
654
950
879
382
551
927
219
567
915
281
155
648
428
320
970
220
888
840
257
801
792
921
395
70
307
578
449
82
327
481
562
689
903
392
605
977
446
36
287
156
614
508
53
418
153
80
702
285
431
221
303
851
117
247
648
100
666
54
251
375
399
71
915
432
704
919
943
808
869
692
819
154
93
48
971
966
879
544
586
63
637
857
53
530
30
268
700
590
33
493
389
220
929
616
764
701
338
779
677
408
999
114
626
58
286
178
26
648
462
822
290
945
530
822
500
480
578
83
386
68
674
320
540
734
419
867
854
760
965
793
661
857
503
552
176
847
629
196
122
133
208
850
247
365
384
736
790
76
946
641
734
482
96
289
486
509
848
17
831
567
608
267
507
715
7
331
784
170
389
609
132
651
275
138
411
581
542
687
279
639
553
685
377
335
352
601
58
255
888
817
419
391
652
939
507
152
258
589
637
383
142
2
4
806
457
147
409
122
590
947
908
51
646
820
42
214
70
278
894
178
832
941
702
239
467
517
702
389
956
384
69
162
949
382
149
977
995
552
967
802
525
531
227
937
895
596
128
92
193
714
894
870
463
964
567
859
334
86
165
645
400
339
760
895
52
115
554
193
837
935
894
327
677
785
464
426
521
549
20
706
238
491
998
28
333
458
498
950
50
217
393
382
729
853
620
562
210
109
182
758
978
949
594
406
107
423
108
157
251
179
489
465
900
744
882
709
601
29
849
10
104
580
739
853
697
572
110
886
943
367
405
35
389
478
884
442
253
150
685
592
73
937
93
619
285
352
121
962
505
0
35
312
847
91
877
727
951
370
139
192
624
690
978
96
868
917
950
785
708
832
610
436
622
548
289
929
358
389
156
665
401
421
726
793
444
41
722
786
685
987
667
579
70
671
335
363
415
62
385
273
592
964
731
741
407
241
529
836
451
904
928
285
600
501
381
954
726
74
835
390
404
489
681
953
732
366
329
953
349
693
739
241
802
825
163
190
469
933
969
53
95
490
311
490
4
117
125
103
645
163
375
161
126
973
604
581
337
544
297
248
44
83
191
327
846
824
806
125
993
403
873
477
32
47
834
731
374
319
418
301
892
0
773
556
962
860
271
872
450
49
916
23
663
279
478
393
733
63
107
582
759
776
834
422
511
670
904
758
943
996
415
791
440
897
774
945
580
617
640
692
348
478
253
722
976
481
920
655
248
323
320
675
270
15
94
679
488
539
689
177
643
165
591
577
74
690
607
24
582
926
784
816
553
454
174
553
104
930
136
755
608
935
63
850
916
820
370
228
739
516
353
199
809
568
236
927
498
962
45
424
542
83
892
354
959
873
182
446
486
337
504
903
447
990
157
278
84
808
850
49
315
308
77
405
776
452
11
353
203
476
445
983
389
57
104
78
162
315
455
288
977
784
920
156
576
135
373
793
783
579
830
883
208
953
890
998
851
520
224
330
804
487
763
833
69
905
970
286
399
873
995
719
933
237
149
393
784
574
387
480
870
13
367
118
174
321
122
134
692
633
960
857
675
229
638
814
205
206
663
224
438
774
676
300
47
642
621
880
575
535
154
87
93
29
910
305
99
682
210
531
873
557
454
776
217
86
435
152
176
964
629
898
85
772
54
764
319
571
314
398
961
158
93
823
804
495
40
314
505
638
297
916
300
138
49
216
668
660
460
706
907
717
567
379
57
139
471
345
714
917
966
886
263
11
660
170
940
761
385
579
861
69
376
504
24
208
479
492
187
785
95
502
428
630
124
355
293
581
728
141
932
505
840
369
86
206
812
201
846
664
187
720
123
811
825
703
756
791
50
566
791
411
130
40
167
828
803
222
319
243
832
392
24
678
529
532
421
135
984
32
414
616
175
867
985
210
978
532
393
381
905
932
2
834
261
121
388
695
304
754
940
804
871
423
832
654
996
970
403
205
512
158
563
891
262
659
89
873
184
406
681
918
705
885
597
50
692
873
959
750
370
982
496
31
154
510
273
992
835
878
790
906
725
448
69
2
116
920
306
443
320
700
50
726
920
716
297
860
668
82
103
666
390
259
22
164
742
22
454
223
665
362
816
503
355
44
913
702
932
861
673
623
405
344
856
339
125
906
700
890
586
796
345
468
213
770
686
948
766
428
804
888
111
632
91
158
910
937
419
813
272
694
473
722
896
219
178
379
717
846
877
935
306
894
81
59
761
99
566
616
618
92
852
970
102
378
551
109
677
967
669
417
850
254
71
407
313
535
689
331
909
537
448
326
349
642
538
503
383
339
139
786
357
981
559
585
315
463
603
259
325
77
894
606
475
479
793
664
283
464
204
656
341
725
379
378
231
272
406
7
358
726
972
425
420
516
63
378
8
40
104
346
734
92
807
394
705
164
956
806
304
104
348
108
951
910
546
763
325
502
531
39
767
315
605
863
55
566
789
686
718
470
280
63
79
484
493
621
303
840
543
833
9
309
932
967
988
726
79
750
758
1
732
413
288
591
417
220
58
506
184
644
962
171
165
155
435
746
772
884
226
631
279
19
425
732
683
215
106
376
138
795
621
573
684
334
685
887
843
462
544
871
709
697
5
218
549
79
176
274
442
70
727
316
781
503
893
605
642
639
261
809
492
401
35
995
557
103
703
811
559
247
586
962
442
385
264
656
574
780
763
239
655
685
194
351
384
465
554
823
806
152
514
418
66
648
641
586
314
478
70
874
423
112
852
664
760
374
445
171
66
342
613
615
602
743
132
874
302
561
8
480
576
120
685
763
1
719
519
219
216
595
619
206
158
610
11
312
564
986
689
249
375
859
815
846
12
992
359
574
781
250
97
538
360
614
768
850
533
340
262
200
381
406
848
401
722
476
451
121
121
179
881
551
85
868
298
282
354
905
45
925
849
281
821
157
768
368
959
698
521
565
911
589
25
468
274
797
863
601
392
463
175
685
649
306
255
80
590
404
513
825
742
94
845
330
964
218
470
828
588
588
308
191
448
441
521
179
868
589
39
325
759
170
250
615
763
231
358
927
847
505
294
882
775
236
235
367
924
455
457
729
737
440
214
545
415
608
986
32
18
67
355
714
69
225
419
11
76
45
402
90
87
761
515
235
252
18
959
591
360
679
357
268
968
144
841
359
669
993
220
782
701
381
510
831
181
706
597
729
331
922
336
241
148
91
243
397
304
221
393
780
877
213
761
796
359
786
99
178
997
45
947
293
506
524
454
167
896
963
144
313
472
464
252
589
403
359
790
379
383
674
966
149
248
804
969
148
340
268
134
290
423
920
196
43
998
337
849
875
889
615
227
308
771
39
717
82
687
445
123
20
749
608
581
622
283
965
855
419
635
636
632
289
438
813
466
992
26
318
400
944
908
601
304
489
206
953
333
43
341
794
124
956
273
333
125
917
436
889
332
991
7
407
282
401
621
702
872
644
457
859
603
268
421
273
343
155
648
984
395
711
150
465
463
606
5
632
313
578
155
885
132
797
338
51
100
644
96
331
553
914
15
746
852
975
67
676
442
419
91
78
415
662
331
221
913
155
193
95
182
262
556
338
879
945
309
876
188
557
962
463
511
129
888
726
393
355
71
541
974
437
951
973
46
112
948
794
637
894
494
672
628
363
528
368
845
389
982
796
134
575
323
49
771
451
997
556
4
857
913
26
880
8
827
816
683
379
216
639
604
300
864
953
347
401
415
657
54
722
386
197
939
620
630
53
895
613
30
579
123
905
38
635
708
194
72
245
92
368
735
611
134
710
752
81
51
78
60
238
761
105
385
531
656
381
345
144
657
973
667
80
52
946
975
129
731
53
938
974
328
798
376
265
813
442
285
302
632
749
49
335
770
702
636
703
752
22
141
432
209
692
832
564
93
156
449
677
854
917
443
620
323
931
317
321
112
517
76
165
454
52
543
128
818
911
313
489
854
414
53
465
50
532
354
705
456
748
283
922
524
990
950
961
709
132
370
911
277
691
800
835
303
581
790
239
221
363
691
815
423
790
195
471
31
975
924
39
973
98
398
873
638
198
579
914
311
271
570
24
312
567
276
905
172
76
263
313
216
596
398
423
489
832
501
157
805
530
367
70
943
936
974
973
84
255
664
109
230
370
899
570
120
193
220
921
969
727
815
734
256
265
531
838
507
155
636
543
147
53
786
149
299
742
750
59
21
521
408
305
643
102
355
403
100
885
635
613
338
992
678
10
54
649
754
773
660
136
826
234
229
690
7
34
821
889
82
321
530
930
88
189
559
953
324
636
976
12
502
806
556
690
153
731
575
256
937
155
847
615
259
426
430
217
801
714
930
904
749
82
669
428
669
27
732
987
727
692
445
496
622
5
735
429
769
554
212
115
617
914
244
405
310
814
602
338
971
515
148
348
393
351
468
937
545
421
432
157
217
798
662
910
900
144
270
381
517
237
678
412
496
412
424
445
712
369
736
581
4
394
652
276
594
655
268
925
832
736
765
195
17
758
395
541
579
534
50
599
388
173
65
625
875
181
660
332
933
561
956
679
786
619
314
55
32
551
927
589
936
769
776
228
407
297
526
43
219
636
666
122
584
930
742
796
238
836
234
242
815
161
290
143
828
133
977
376
699
986
128
81
998
433
134
412
219
2
92
169
202
128
425
331
129
23
989
802
620
251
686
631
931
338
985
80
241
565
612
189
43
970
723
74
576
76
265
961
517
109
114
74
653
647
222
925
853
157
193
463
87
605
963
468
44
477
561
846
298
550
998
4
719
872
217
755
296
473
367
227
750
265
997
338
755
868
449
190
190
684
318
413
256
336
263
726
85
126
290
405
449
141
152
495
185
501
702
853
417
931
280
486
714
814
574
973
744
301
458
392
876
768
257
103
86
212
283
419
868
253
96
417
922
506
600
16
987
334
726
929
203
377
245
206
554
187
955
549
943
501
449
93
51
280
26
536
962
45
864
394
383
452
395
999
735
921
707
313
461
920
716
616
621
706
383
195
34
249
781
991
405
688
310
267
747
862
443
526
185
734
68
553
77
213
547
213
383
934
350
646
817
532
344
258
171
767
503
471
895
532
554
946
379
470
59
199
990
484
734
331
220
705
285
246
90
144
770
426
937
91
821
647
553
75
669
754
419
15
270
598
892
577
673
628
723
350
312
214
116
334
513
929
952
114
565
695
851
853
311
540
386
536
656
232
856
564
604
499
585
133
610
178
69
548
810
954
25
818
642
915
514
151
23
752
475
138
169
885
185
231
358
428
10
343
64
652
927
615
853
133
207
837
856
575
87
611
4
840
691
225
456
190
964
865
322
206
839
699
753
826
803
595
845
65
774
647
59
971
657
415
150
219
645
195
673
847
500
401
391
212
217
119
412
610
281
842
713
557
126
815
771
722
777
658
220
881
999
189
237
514
682
300
906
350
937
745
383
613
127
333
228
292
419
78
738
301
244
435
345
482
238
949
449
663
775
143
735
63
107
790
74
547
603
139
597
665
724
413
622
136
897
960
218
868
251
771
0
467
762
319
999
732
474
648
394
820
648
753
351
254
905
808
433
88
685
192
855
985
59
401
204
151
675
4
381
785
887
466
65
412
876
725
245
506
161
606
81
750
188
437
868
446
174
759
655
717
101
809
766
111
157
514
429
984
991
67
36
893
791
594
643
924
852
87
195
528
508
180
176
209
456
474
521
550
213
946
169
384
117
175
951
163
767
82
505
634
252
926
348
309
34
756
36
921
279
354
450
523
261
928
448
170
802
668
48
48
529
778
864
67
242
762
713
158
325
12
690
581
914
397
869
854
7
773
585
972
367
722
392
220
178
40
510
716
474
912
322
150
631
324
717
156
308
131
421
407
436
368
621
788
583
816
346
114
917
937
106
671
319
148
690
489
672
220
201
583
501
945
392
207
683
425
920
239
144
117
117
913
657
225
808
976
302
893
637
269
332
533
62
508
681
548
914
757
3
865
284
405
633
47
16
404
409
177
258
306
918
417
455
20
688
54
650
875
869
719
933
129
667
294
572
207
115
558
890
157
499
833
423
360
675
904
12
523
725
136
245
192
556
744
92
450
176
398
977
912
356
26
532
36
885
640
954
13
825
681
992
431
800
836
936
56
59
892
290
72
129
787
851
292
354
552
515
973
849
923
472
532
186
599
678
469
455
277
169
623
938
299
225
991
199
542
845
570
904
356
176
953
291
430
199
919
186
478
252
11
436
853
438
224
156
202
903
738
553
438
468
834
3
1
738
787
531
67
833
314
296
387
664
191
848
56
192
576
545
592
506
887
431
921
623
385
112
194
570
413
36
984
277
822
307
589
594
781
984
916
120
269
138
646
927
305
991
535
930
845
283
91
639
572
173
244
762
475
885
629
223
615
147
584
73
269
938
679
831
297
849
837
811
759
575
735
246
401
569
109
316
461
364
529
36
470
772
283
781
5
690
183
351
909
699
649
601
167
909
494
199
654
413
423
715
737
77
994
873
359
478
381
20
731
260
50
676
384
830
645
684
185
912
353
903
312
432
320
180
60
194
575
310
917
531
484
348
18
315
180
712
622
843
122
319
392
859
102
908
606
708
880
681
457
635
855
530
385
263
974
773
137
972
499
931
236
230
102
503
523
908
352
843
763
836
571
544
523
407
625
443
587
339
444
575
827
592
712
381
654
111
59
915
655
85
537
380
497
949
59
993
882
693
251
80
447
880
514
138
230
517
844
676
429
190
359
689
274
505
452
440
866
245
600
92
871
623
712
134
81
114
719
555
156
729
541
358
683
5
848
886
306
833
521
67
719
773
792
376
937
902
749
541
276
172
681
653
902
133
212
798
88
621
160
288
798
669
566
337
545
45
122
189
32
297
502
839
359
582
977
37
269
369
588
595
495
212
603
303
628
679
140
603
511
794
90
754
929
866
974
611
776
989
218
622
185
98
754
435
164
943
884
41
512
681
339
199
284
992
729
864
641
853
841
597
179
248
945
794
287
204
116
356
731
265
193
662
460
694
433
827
860
964
678
789
923
72
9
429
978
587
492
41
754
372
314
410
463
751
83
473
261
356
113
213
11
678
499
57
27
357
332
264
162
48
498
411
428
452
515
780
600
833
398
644
499
526
463
353
756
152
197
781
511
283
118
848
438
175
492
259
234
304
199
221
125
737
179
291
4
873
266
579
604
684
412
723
20
786
75
692
238
194
642
711
778
402
689
741
83
571
53
903
596
918
783
264
913
581
838
915
919
535
332
907
28
581
800
134
929
803
863
738
688
8
444
176
278
50
0
24
930
543
757
294
447
667
162
517
579
734
760
231
835
991
814
540
143
867
535
566
102
948
363
98
860
175
579
163
448
994
89
545
532
110
518
437
109
230
284
593
30
663
1
199
238
150
532
668
201
936
915
402
541
479
0
209
316
40
90
743
223
908
711
852
88
311
485
912
492
821
833
78
923
940
917
736
743
1
502
845
594
531
852
911
6
295
568
92
980
74
996
526
738
279
891
518
297
771
678
838
36
245
793
998
746
918
662
160
750
398
327
844
463
594
636
678
286
980
570
834
797
298
208
752
398
661
168
501
486
197
931
257
945
11
686
402
463
845
545
275
371
49
211
828
104
562
633
757
115
225
256
129
69
636
808
704
85
51
235
985
400
201
911
811
866
967
985
273
52
166
232
215
679
64
590
13
839
885
796
680
200
158
495
281
14
109
614
657
257
484
179
92
407
36
249
714
776
42
770
95
488
838
387
293
637
595
835
683
616
43
787
278
485
492
143
8
617
307
35
733
636
650
212
153
950
50
770
222
394
575
248
845
891
369
429
867
198
70
908
773
147
62
30
444
366
360
977
475
753
628
38
943
964
481
526
641
94
570
792
534
774
645
992
908
978
844
178
812
414
723
711
18
223
724
903
834
65
421
608
597
980
642
114
804
447
43
313
380
340
852
4
386
697
583
885
165
933
739
737
661
56
498
101
73
526
545
117
18
748
689
23
844
860
772
332
597
619
312
519
529
376
694
6
675
932
304
192
219
5
68
712
534
68
608
16
604
737
569
834
111
447
757
649
910
933
87
419
960
628
297
943
364
363
967
629
22
425
304
708
223
609
287
298
62
234
486
317
267
499
12
223
451
147
615
563
885
837
848
436
187
871
739
273
390
63
421
734
918
46
549
384
82
369
613
164
283
823
691
642
581
185
499
366
523
115
499
384
791
772
634
722
914
503
198
55
158
515
579
659
644
979
297
144
290
804
970
741
915
8
500
291
220
127
530
448
948
289
30
556
663
204
39
989
274
165
1
458
989
298
47
503
635
997
877
979
531
229
410
378
906
335
346
869
385
842
303
930
310
682
501
19
36
237
350
515
764
207
295
921
493
519
505
214
539
506
968
141
904
91
377
568
192
152
873
194
60
722
705
532
804
910
279
514
309
280
210
513
45
503
222
743
185
98
364
451
917
244
451
939
994
853
297
476
357
714
162
99
615
148
807
661
967
386
218
152
686
869
280
277
824
65
838
623
479
938
107
247
922
270
570
594
559
578
589
119
926
989
802
104
376
179
145
3
104
173
339
764
422
295
337
236
432
734
245
487
85
492
579
986
418
878
801
283
499
479
88
22
586
281
477
902
752
252
845
30
630